   -2   -2    0
  0.000000000000000E+000
 
   -1   -2    0
  0.000000000000000E+000
 
    0   -2    0
  0.000000000000000E+000
 
    1   -2    0
  0.000000000000000E+000
 
    2   -2    0
  0.000000000000000E+000
 
   -2   -1    0
  0.000000000000000E+000
 
   -1   -1    0
  0.000000000000000E+000
 
    0   -1    0
  -1.00000000000000     
 
    1   -1    0
  0.000000000000000E+000
 
    2   -1    0
  0.000000000000000E+000
 
   -2    0    0
  0.000000000000000E+000
 
   -1    0    0
  -1.00000000000000     
 
    0    0    0
  0.000000000000000E+000
 
    1    0    0
  -1.00000000000000     
 
    2    0    0
  0.000000000000000E+000
 
   -2    1    0
  0.000000000000000E+000
 
   -1    1    0
  0.000000000000000E+000
 
    0    1    0
  -1.00000000000000     
 
    1    1    0
  0.000000000000000E+000
 
    2    1    0
  0.000000000000000E+000
 
   -2    2    0
  0.000000000000000E+000
 
   -1    2    0
  0.000000000000000E+000
 
    0    2    0
  0.000000000000000E+000
 
    1    2    0
  0.000000000000000E+000
 
    2    2    0
  0.000000000000000E+000
 
